[[1]]
                [,1]
6149238303 0.6652543
3241593332 0.6652543
6358234723 0.5207435
6324036637 0.4680282
1905983025 0.4541739
5680166067 0.4136902
5647998386 0.4131452
5498961409 0.3936422
5619344930 0.3872412
5295413761 0.3856584

[[2]]
                [,1]
1683888224 0.5243026
1763641994 0.4912746
5736522636 0.4912179
1791925295 0.4657904
1785653035 0.4536242
1760463922 0.4499318
1696612782 0.4225205
1794236380 0.4144119
1056801775 0.4088607
1758679355 0.3995245

[[3]]
                [,1]
6056556926 0.6813615
2005224075 0.4983102
2218283583 0.4059708
5692550186 0.3981616
5610445327 0.3754526
6190030268 0.3563184
2406737790 0.3504947
5126464211 0.3504288
5702942305 0.3417212
1929882025 0.3370776

[[4]]
                [,1]
6277136873 0.5107140
5535961694 0.4517292
5874594509 0.4080108
6189873031 0.4057468
5902632257 0.3924494
6331787502 0.3876873
6295239488 0.3654869
2827855931 0.3558019
6331786984 0.3522913
5596980463 0.3500436

[[5]]
                [,1]
1810432410 0.4824551
1782632465 0.4752998
5476003948 0.4352862
1272558565 0.4281957
1660841120 0.4187424
1744103033 0.4165257
1055666577 0.3997720
1766554934 0.3945732
5788966879 0.3843285
1743117381 0.3755663

[[6]]
                [,1]
3229696927 0.3813933
6324729416 0.3705393
6255648227 0.3570718
6325745599 0.3433024
3261872357 0.3143796
5718162353 0.3101732
5119672045 0.3081655
2357689891 0.3066204
6132132319 0.2981178
5850902464 0.2904093

[[7]]
                [,1]
1100004703 0.4501538
3605062657 0.4368084
1199932243 0.4314824
5666109322 0.4274569
5784844420 0.4170126
5754702818 0.4138711
6244061919 0.4028195
5868391594 0.4019857
1101614700 0.4016837
1017552677 0.3882629

[[8]]
                [,1]
6145845722 0.4306606
6331865279 0.4248707
3652778435 0.4111124
6360029592 0.4099397
1801414404 0.3708010
6351823798 0.3658572
5364231008 0.3414444
6363338460 0.3412721
3226865802 0.3256903
5328655698 0.3242970

[[9]]
                [,1]
5633038056 0.6720455
6287941300 0.4702976
6246657828 0.4442849
5092526999 0.4175750
5584642355 0.4106857
3279838115 0.3839962
2612176945 0.3548704
2757129423 0.3501083
3559051225 0.3489944
6054198671 0.3293940

[[10]]
                [,1]
6093744498 0.5362787
5392173603 0.3970216
3023991125 0.3829313
2032910522 0.3828878
2891994593 0.3828139
3730155713 0.3815076
6372981708 0.3705497
1586403185 0.3648365
2153059411 0.3583116
5894946352 0.3571242

[[11]]
                [,1]
1570362807 0.4108883
1740312712 0.4042082
3991731415 0.4022376
1719847527 0.3968814
5785186947 0.3941681
5800285876 0.3898683
5992199680 0.3851649
2912147387 0.3849853
5701282615 0.3806379
1815786191 0.3716399

[[12]]
                [,1]
6217765073 0.6232382
2725393273 0.4170469
3862572105 0.3813921
3905158465 0.3575687
2586913601 0.3533929
3276423491 0.3421898
5494455824 0.3398745
5976697377 0.3386302
2693190583 0.3372501
5214429864 0.3346592

[[13]]
                [,1]
6205842233 0.7047110
6359032949 0.7047110
5339981146 0.5426829
6137669367 0.5085145
6364370985 0.4683575
6369478451 0.4621203
6365035974 0.4432777
5953362362 0.4082369
3967449330 0.4028362
5171678975 0.3742018

[[14]]
                [,1]
1783407985 0.5398340
1784617422 0.5165278
1804161791 0.4488863
1807180127 0.4081001
5950124880 0.4056412
1250289084 0.3990165
1784883581 0.3928244
1589648162 0.3812460
1728061881 0.3751432
1741771187 0.3723446

[[15]]
                [,1]
5700880403 0.6736821
6336576865 0.4814163
5513788372 0.3984012
6340500136 0.3759778
3155791681 0.3687092
3344774900 0.3652725
5226301703 0.3637910
6337923974 0.3634415
6152127792 0.3365575
5593059374 0.3341184

[[16]]
                [,1]
1655070071 0.4928962
1784578683 0.4646428
1623012735 0.4615777
1769553907 0.4479999
1660432505 0.4424754
1566510141 0.4250327
1648868150 0.4184535
1817060754 0.4109798
1101944557 0.4060877
1707539235 0.3893751

[[17]]
                [,1]
1660349833 0.4904906
1784176292 0.4547362
1568832205 0.4304843
1745247581 0.4015450
1760786194 0.3864925
1741235282 0.3819785
1410998640 0.3808202
1774311654 0.3802508
1731610777 0.3662975
1750793141 0.3527407

[[18]]
                [,1]
1526373912 0.5215372
1197775811 0.5148311
1372587194 0.5139146
1223837683 0.4900900
1398678613 0.4846141
1764568891 0.4753550
1791759682 0.4704377
5767149194 0.4642092
1564680401 0.4496968
1822313365 0.4443246

[[19]]
                [,1]
6006646748 0.4251615
2958164510 0.3729494
1994170185 0.3663193
3889575354 0.3585662
5533117884 0.3497203
1978502311 0.3476697
2315262921 0.3450591
3126992243 0.3410375
1866267425 0.3408811
3579635604 0.3373273

[[20]]
                [,1]
6185015879 0.6080616
5716198480 0.4153978
5589094689 0.4114613
5254854915 0.3978310
6328784750 0.3936317
6336300520 0.3818620
5893988659 0.3811861
5734288877 0.3736843
5393396662 0.3711516
5729067255 0.3696257
